
 UTMW
      DATA U/(4653917.463d0,251528.228d0),(6488072.911d0,325180.594d0),
     +       (8325644.124d0,413358.998d0),(4649562.676d0,500000.000d0),
     +       (6484169.199d0,500000.000d0),(8323452.589d0,500000.000d0)/
      DATA V/(4652046.692d0,375731.349d0),(6487091.342d0,412550.459d0),
     +       (8326498.728d0,456653.632d0),(4652046.692d0,624268.651d0),
     +       (6487091.342d0,587449.541d0),(8326498.728d0,543346.368d0)/

 UTME
      DATA U/(4649562.676d0,500000.000d0),(6484169.199d0,500000.000d0),
     +       (8323452.589d0,500000.000d0),(4653917.463d0,748471.772d0),
     +       (6488072.911d0,674819.406d0),(8325644.124d0,586641.002d0)/
      DATA V/(4652046.692d0,375731.349d0),(6487091.342d0,412550.459d0),
     +       (8326498.728d0,456653.632d0),(4652046.692d0,624268.651d0),
     +       (6487091.342d0,587449.541d0),(8326498.728d0,543346.368d0)/

 MWUT
      DATA U/(4652046.692d0,375731.349d0),(6487091.342d0,412550.459d0),
     +       (8326498.728d0,456653.632d0),(4652046.692d0,624268.651d0),
     +       (6487091.342d0,587449.541d0),(8326498.728d0,543346.368d0)/
      DATA V/(4653917.463d0,251528.228d0),(6488072.911d0,325180.594d0),
     +       (8325644.124d0,413358.998d0),(4649562.676d0,500000.000d0),
     +       (6484169.199d0,500000.000d0),(8323452.589d0,500000.000d0)/

 MEUT
      DATA U/(4652046.692d0,375731.349d0),(6487091.342d0,412550.459d0),
     +       (8326498.728d0,456653.632d0),(4652046.692d0,624268.651d0),
     +       (6487091.342d0,587449.541d0),(8326498.728d0,543346.368d0)/
      DATA V/(4649562.676d0,500000.000d0),(6484169.199d0,500000.000d0),
     +       (8323452.589d0,500000.000d0),(4653917.463d0,748471.772d0),
     +       (6488072.911d0,674819.406d0),(8325644.124d0,586641.002d0)/
 