 UTMW
      DATA U/(4653917.463d0,251528.228d0),(6488072.911d0,325180.594d0),
     +       (8325644.124d0,413358.998d0),(4649562.676d0,500000.000d0),
     +       (6484169.199d0,500000.000d0),(8323452.589d0,500000.000d0)/
      DATA V/(4652046.692d0,375731.349d0),(6487091.342d0,412550.459d0),
     +       (8326498.728d0,456653.632d0),(4652046.692d0,624268.651d0),
     +       (6487091.342d0,587449.541d0),(8326498.728d0,543346.368d0)/

 UTME
      DATA U/(4649562.676d0,500000.000d0),(6484169.199d0,500000.000d0),
     +       (8323452.589d0,500000.000d0),(4653917.463d0,748471.772d0),
     +       (6488072.911d0,674819.406d0),(8325644.124d0,586641.002d0)/
      DATA V/(4652046.692d0,375731.349d0),(6487091.342d0,412550.459d0),
     +       (8326498.728d0,456653.632d0),(4652046.692d0,624268.651d0),
     +       (6487091.342d0,587449.541d0),(8326498.728d0,543346.368d0)/

 MWUT
      DATA U/(4652046.692d0,375731.349d0),(6487091.342d0,412550.459d0),
     +       (8326498.728d0,456653.632d0),(4652046.692d0,624268.651d0),
     +       (6487091.342d0,587449.541d0),(8326498.728d0,543346.368d0)/
      DATA V/(4653917.463d0,251528.228d0),(6488072.911d0,325180.594d0),
     +       (8325644.124d0,413358.998d0),(4649562.676d0,500000.000d0),
     +       (6484169.199d0,500000.000d0),(8323452.589d0,500000.000d0)/

 MEUT
      DATA U/(4652046.692d0,375731.349d0),(6487091.342d0,412550.459d0),
     +       (8326498.728d0,456653.632d0),(4652046.692d0,624268.651d0),
     +       (6487091.342d0,587449.541d0),(8326498.728d0,543346.368d0)/
      DATA V/(4649562.676d0,500000.000d0),(6484169.199d0,500000.000d0),
     +       (8323452.589d0,500000.000d0),(4653917.463d0,748471.772d0),
     +       (6488072.911d0,674819.406d0),(8325644.124d0,586641.002d0)/

 uTm to PoL

      DATA U/(4653917.463d0, 251528.228d0),
     +       (6488072.911d0, 325180.594d0),(8325644.124d0,413358.998d0),
     +       (4649562.676d0, 500000.000d0),(6484169.199d0,500000.000d0),
     +       (8323452.589d0, 500000.000d0),(4653917.463d0,748471.772d0),
     +       (6488072.911d0, 674819.406d0),(8325644.124d0,586641.002d0)/
      DATA V/(7383332.923d0,4864501.706d0),
     +      (8340409.519d0,6742870.288d0),(9224698.006d0,8478384.161d0),
     +      (7118147.761d0,5008485.501d0),(8172218.932d0,6834190.326d0),
     +      (9146125.310d0,8521045.654d0),(6860861.555d0,5166150.691d0),
     +      (8009038.166d0,6934187.628d0),(9069893.026d0,8567760.858d0)/

42 - 75 ( nad )
    1   42.00   78.00
   17   58.50   78.00
   34   75.00   78.00
  103   42.00   75.00
  119   58.50   75.00
  136   75.00   75.00
  205   42.00   72.00
  222   58.50   72.00
  238   75.00   72.00
